id,name,email,amount,sent,date
1,Justin,hello@teamcfe.com,99.99,,2019-06-25 12:28:47.866125
2,Justin,hello@teamcfe.com,99.99,,2019-06-25 12:28:48.790073
3,Justin,hello@teamcfe.com,99.99,,2019-06-25 12:28:49.494541
4,Justin,hello@teamcfe.com,99.99,,2019-06-25 12:28:50.081481
5,Justin,hello@teamcfe.com,99.99,,2019-06-25 12:28:50.628193
6,Justin,hello@teamcfe.com,99.99,,2019-06-25 12:28:51.211079
